$ANSIBLE_VAULT;1.1;AES256
66323936643836666165623462396430373033616239376464626131303464613838323966373638
3566666637303833356335313139666338353035393533300a303063303966656364616334613833
62353166373833303034633331376139306436636436306564363866393564353761313436643663
6665633236613961640a666638663931303066346538316635316664653334373837356362306363
30666530633430666161663062633332393736323866653933626533376362626531343463303162
33633734326235613938656163333937616331333234333030383832356532663962396631386338
64323133323434316534313331633936316332326533373835323839363239303662663231363030
38626630306134346137643337623732366433346264376139396434356632663065363939653833
32616562613132646535366537353037346231356531613465363230343138653432393862626537
65333265656438623361393765666364303966616265333831363761373833333366333637636535
33333063393439303861373534633638353962316630653833303964353066336162393165663661
61643464373963333335396661356334643332393064376539653762393961383235666139663131
66313532353835366464656638643634356538646633336438303662396632386366356164393436
65383639343564636165616534343463643364623665613131646230633462386239646164353564
31386366316366633961323834333433303839306163363234333935653836363531636361316565
35313163653963636439346131663738326333373639646536336262363561303962633064623531
35346365663664656635386239343838303534623930333562343161626261323830356566626330
31366661653339633335383861656530386531333637646263663935303235353434643866336563
37386535323131326637626261313531343237373836646337353539343131363365336636393437
36623436666237373334333331616233646336313336306634636162613733623632366566623532
30363733663130396430376133366337396564636438613866376464336239666330333836633038
31326565653663353661613030636563313261323430653466316533623565623636326361303061
66623362613939346535646236356639386232306139376632353837616564623431666639386466
39363530663431653763353035393933646632373630613637616162336661363038613365643339
34633431376233353462313661663164363263653839663037326538323766663431623464653664
34386565643933323338623831653332356666616133633534303765656463386537373365303338
66336266343863623934343131663931636439616164633530346331383064303737383465616236
65313366633631356630383531646332313438656162363738653362353336333038383234666435
62376436643563396166386139643939373133333334356362353030383164633866633439623564
66643636646466343334303430613864306639346632636536326366373662333530396262363435
38343963323965376366373961386438383034663635656335313363323131333030336132353661
35663764666239343233346539316666376563643539326433663934333134666430356239336531
33666231666165626566323034316138353036666664633133363539383637396266653432613139
32313535353637663237383064316533303637323434626562623963613562353761306265636635
63393064623730303963363332616166643130636538313662376338326266623165376564646135
38306336663730613138393435653163396430353436346266363933346664383963306139363337
63303234316433346436376131386334316234643761626666643030326562393662346465303463
36333534633233326362396664666338303965663035336439663531636562393262623033313038
30346233636439306539626431323335643237633730323337376566663363383462656462353936
33653937666136656164393634393061623335613330306266323465633132623165383366373731
66353066646434613764323732343864643765313339646438303061633733336539326130323031
63373861343332363463653332326266326234643461663436383935383638316563643336636530
39663863366537333736353563653136386430653566646666336437623135653661656262363862
32633030623538356461306161393162646362323839316535306661666234333434623630373936
64343834383265626462353038306432383031653632386132366330616265313465653137376466
66386461323135386339393663393736373063663861313235373532613165646632313562363261
66333863626566353164636232326331346134613439363239393163386438363332313730306139
33663136313061663139356634363334303230393164663362343862326331353333323736613933
33393832353363643330353138636132346665376532313665373766366338396436633265646339
33633538616536353633663335626331376364386339366133616465363832333035623734383336
31376234333965646463393932366236326263366330663261303531323065363731613233636466
37623738663430303363363034636630346332623730353762353763343039633039653061656434
61653163313766383936363332333034643862363132376661383231326664616434316139363462
65653739636466643935643636633939396663626630613335353964653733646333656361376562
36663135353138376362313866353337333933626535333564333863316134396233653462663934
64363463343036633666323365613530383334663035356362643265346332316230393431386433
66383638313333653462333231653739353338666430353066663038636336383266643937666338
63376461363033643135393862643938373963353663633063383232396234343763303361383061
64653936643431383638323562613165643863386165653937313930626636343634306237383761
65666634346363663030333062306331636432363833346231633531333363643739353766303065
66616633303063666639613637613666353830343264633562666130356134613932666137356264
61353235363961363833653464346564653737373963313433326136623239663765623162376132
33643961633966633565646663613538303739376565353764326562643932373636363063633362
37396161343463313232303466326435303334663265636638643131353237333339396634626236
36303630373465646530306262613234373033666664653962653464366639303334376661666463
36333230643731393266356635306365636130383636323936336566366534353132633564623462
39636432306530666136353063303136313034306132393435346435396330626139663361343033
66343034336265323235623661313831623730636163313831333430313161356361343030346362
66633834616637363439373337613834346531626638303865363437333930636233646664623063
62663566666539313037343364346235343266636265346561396439363565653135646235636165
34303939326534353631653734383364366630383535646362313235626462306234353932373335
66626165383932346463363962363131393761336233363738393630333333656536336439626266
63346164306531636161313431353465633363653738343438343333356130346561343038363761
37356164613365326138343762373034353061376461383034383465643434643565663561396136
61363161376662316338313139366462393761303164383630306136396536643865393565653932
31666263633462393863623463623337353237336332636132363133396139663838623934333236
39363533333839346132373830336438373235366262336138326366376533616364363163363461
65363735343231663832363463643539346464396166316333623461333135626665663832386665
38343632643037663431646565373130323264613137663636313663643838383537303265376165
64623436633466336434346264623036383138306536323765306235383932326631656431623634
32356133333736366636613762313636326630376638383065303863616134326437646338633164
66373837333532643138346337613534343235653133313639376462663238633633373665616536
39616332613962616362613432653933373839313566316365653965333961383233333232343232
37626331326137326534303332663563383531393162306562643738343665333438323366356136
64626538636634376462663564343130636430636232363737313035646666346238656434343937
38316335643761396239636338303332666530396331663465623461363231613038353832646433
36396338643465373635666562343439626337376336353237383363613639393733663133663363
39666131636236633731
